0.000 0.230 0.189 0.203 0.297 0.149 0.230 0.176 0.162 0.149 0.541 0.324 0.338 0.365 0.243 
0.905 0.000 0.527 0.554 0.541 0.338 0.405 0.432 0.311 0.405 0.500 0.419 0.297 0.311 0.486 
0.905 0.689 0.000 0.622 0.500 0.392 0.608 0.649 0.459 0.527 0.703 0.568 0.419 0.514 0.649 
0.946 0.514 0.419 0.000 0.608 0.514 0.459 0.392 0.514 0.324 0.676 0.595 0.568 0.635 0.676 
0.838 0.635 0.500 0.541 0.000 0.459 0.446 0.446 0.500 0.405 0.608 0.554 0.500 0.568 0.635 
0.851 0.730 0.716 0.649 0.716 0.000 0.622 0.716 0.514 0.365 0.743 0.716 0.676 0.703 0.568 
0.892 0.649 0.703 0.541 0.554 0.473 0.000 0.703 0.581 0.351 0.541 0.649 0.541 0.541 0.500 
0.824 0.757 0.568 0.649 0.622 0.527 0.297 0.000 0.365 0.568 0.622 0.770 0.595 0.541 0.527 
0.878 0.811 0.757 0.541 0.554 0.486 0.635 0.635 0.000 0.541 0.905 0.811 0.716 0.473 0.649 
1.000 0.784 0.770 0.676 0.595 0.635 0.649 0.500 0.649 0.000 0.905 0.649 0.770 0.649 0.622 
0.757 0.500 0.392 0.446 0.392 0.392 0.459 0.378 0.365 0.095 0.000 0.622 0.365 0.568 0.459 
0.676 0.730 0.541 0.446 0.581 0.446 0.351 0.568 0.243 0.473 0.446 0.000 0.500 0.243 0.446 
0.784 0.757 0.581 0.554 0.595 0.649 0.527 0.541 0.581 0.419 0.743 0.811 0.000 0.473 0.595 
0.757 0.689 0.581 0.581 0.595 0.392 0.595 0.554 0.622 0.500 0.716 0.757 0.622 0.000 0.595 
0.757 0.689 0.419 0.662 0.486 0.500 0.595 0.541 0.446 0.446 0.541 0.622 0.405 0.405 0.000 
