1.000 0.617 0.617 1.000 0.889 0.741 0.988 0.741 0.864 0.864 0.750 0.750 0.875 1.000 0.988 
0.333 1.000 0.375 1.000 0.494 0.750 0.613 0.500 0.875 0.864 0.750 0.250 0.875 0.625 0.988 
0.111 0.333 1.000 0.625 0.667 0.432 0.438 0.438 0.500 0.605 0.613 0.263 0.500 0.438 0.667 
0.222 0.556 0.494 1.000 0.889 0.617 0.864 0.617 0.741 0.778 0.250 0.625 0.625 0.875 0.889 
0.250 0.400 0.700 1.000 1.000 0.750 0.625 0.700 0.875 0.875 0.750 0.400 0.875 0.625 1.000 
0.444 0.395 0.622 0.250 0.556 1.000 0.300 0.889 0.400 0.444 0.490 0.711 0.400 0.500 0.556 
0.250 0.494 1.000 0.625 0.667 0.790 1.000 1.000 0.600 0.691 0.600 0.250 0.600 0.700 0.667 
0.333 0.444 0.198 0.750 0.778 0.605 0.605 1.000 0.617 0.778 0.500 0.408 0.625 0.375 0.778 
0.111 0.333 0.312 0.350 0.667 0.432 0.438 0.312 1.000 0.605 0.429 0.500 0.238 0.188 0.667 
0.000 0.286 0.125 0.438 0.432 0.438 0.375 0.250 0.350 1.000 1.000 0.263 0.438 0.438 0.346 
0.190 0.617 0.617 0.375 0.889 0.741 0.988 0.741 0.864 0.778 1.000 0.750 0.750 1.000 0.889 
0.259 0.667 0.691 0.864 1.000 0.691 0.605 0.691 0.741 0.889 0.617 1.000 0.750 0.593 1.000 
0.111 0.667 0.333 0.259 1.000 0.444 0.346 0.309 0.333 0.889 0.173 0.700 1.000 0.309 1.000 
0.317 0.556 0.494 0.375 0.889 0.432 0.432 0.494 0.444 0.778 0.350 1.000 0.450 1.000 0.889 
0.222 0.500 0.500 0.556 0.500 0.625 0.875 0.625 0.750 0.700 0.328 0.625 0.625 0.875 1.000 
