матриця індексів узгодження C
0.000 0.230 0.189 0.203 0.297 0.149 0.230 0.176 0.162 0.149 0.541 0.324 0.338 0.365 0.243
0.905 0.000 0.527 0.554 0.541 0.338 0.405 0.432 0.311 0.405 0.500 0.419 0.297 0.311 0.486
0.905 0.689 0.000 0.622 0.500 0.392 0.608 0.649 0.459 0.527 0.703 0.568 0.419 0.514 0.649
0.946 0.514 0.419 0.000 0.608 0.514 0.459 0.392 0.514 0.324 0.676 0.595 0.568 0.635 0.676
0.838 0.635 0.500 0.541 0.000 0.459 0.446 0.446 0.500 0.405 0.608 0.554 0.500 0.568 0.635
0.851 0.730 0.716 0.649 0.716 0.000 0.622 0.716 0.514 0.365 0.743 0.716 0.676 0.703 0.568
0.892 0.649 0.703 0.541 0.554 0.473 0.000 0.703 0.581 0.351 0.541 0.649 0.541 0.541 0.500
0.824 0.757 0.568 0.649 0.622 0.527 0.297 0.000 0.365 0.568 0.622 0.770 0.595 0.541 0.527
0.878 0.811 0.757 0.541 0.554 0.486 0.635 0.635 0.000 0.541 0.905 0.811 0.716 0.473 0.649
1.000 0.784 0.770 0.676 0.595 0.635 0.649 0.500 0.649 0.000 0.905 0.649 0.770 0.649 0.622
0.757 0.500 0.392 0.446 0.392 0.392 0.459 0.378 0.365 0.095 0.000 0.622 0.365 0.568 0.459
0.676 0.730 0.541 0.446 0.581 0.446 0.351 0.568 0.243 0.473 0.446 0.000 0.500 0.243 0.446
0.784 0.757 0.581 0.554 0.595 0.649 0.527 0.541 0.581 0.419 0.743 0.811 0.000 0.473 0.595
0.757 0.689 0.581 0.581 0.595 0.392 0.595 0.554 0.622 0.500 0.716 0.757 0.622 0.000 0.595
0.757 0.689 0.419 0.662 0.486 0.500 0.595 0.541 0.446 0.446 0.541 0.622 0.405 0.405 0.000
матриця індексів неузгодження D
1.000 0.617 0.617 1.000 0.889 0.741 0.988 0.741 0.864 0.864 0.750 0.750 0.875 1.000 0.988
0.333 1.000 0.375 1.000 0.494 0.750 0.613 0.500 0.875 0.864 0.750 0.250 0.875 0.625 0.988
0.111 0.333 1.000 0.625 0.667 0.432 0.438 0.438 0.500 0.605 0.613 0.263 0.500 0.438 0.667
0.222 0.556 0.494 1.000 0.889 0.617 0.864 0.617 0.741 0.778 0.250 0.625 0.625 0.875 0.889
0.250 0.400 0.700 1.000 1.000 0.750 0.625 0.700 0.875 0.875 0.750 0.400 0.875 0.625 1.000
0.444 0.395 0.622 0.250 0.556 1.000 0.300 0.889 0.400 0.444 0.490 0.711 0.400 0.500 0.556
0.250 0.494 1.000 0.625 0.667 0.790 1.000 1.000 0.600 0.691 0.600 0.250 0.600 0.700 0.667
0.333 0.444 0.198 0.750 0.778 0.605 0.605 1.000 0.617 0.778 0.500 0.408 0.625 0.375 0.778
0.111 0.333 0.312 0.350 0.667 0.432 0.438 0.312 1.000 0.605 0.429 0.500 0.238 0.188 0.667
0.000 0.286 0.125 0.438 0.432 0.438 0.375 0.250 0.350 1.000 1.000 0.263 0.438 0.438 0.346
0.190 0.617 0.617 0.375 0.889 0.741 0.988 0.741 0.864 0.778 1.000 0.750 0.750 1.000 0.889
0.259 0.667 0.691 0.864 1.000 0.691 0.605 0.691 0.741 0.889 0.617 1.000 0.750 0.593 1.000
0.111 0.667 0.333 0.259 1.000 0.444 0.346 0.309 0.333 0.889 0.173 0.700 1.000 0.309 1.000
0.317 0.556 0.494 0.375 0.889 0.432 0.432 0.494 0.444 0.778 0.350 1.000 0.450 1.000 0.889
0.222 0.500 0.500 0.556 0.500 0.625 0.875 0.625 0.750 0.700 0.328 0.625 0.625 0.875 1.000
Значення порогів для індексів узгодження та неузгодження c, d
0.652 0.401
Відношення для порогових значень c, d:
 0  0  0  0  0  0  0  0  0  0  0  0  0  0  0
 1  0  0  0  0  0  0  0  0  0  0  0  0  0  0
 1  1  0  0  0  0  0  0  0  0  0  0  0  0  0
 1  0  0  0  0  0  0  0  0  0  1  0  0  0  0
 1  0  0  0  0  0  0  0  0  0  0  0  0  0  0
 0  1  0  0  0  0  0  0  0  0  0  0  1  0  0
 1  0  0  0  0  0  0  0  0  0  0  0  0  0  0
 1  0  0  0  0  0  0  0  0  0  0  0  0  0  0
 1  1  1  0  0  0  0  0  0  0  0  0  1  0  0
 1  1  1  0  0  0  0  0  0  0  0  0  0  0  0
 1  0  0  0  0  0  0  0  0  0  0  0  0  0  0
 1  0  0  0  0  0  0  0  0  0  0  0  0  0  0
 1  0  0  0  0  0  0  0  0  0  1  0  0  0  0
 1  0  0  0  0  0  0  0  0  0  1  0  0  0  0
 1  0  0  0  0  0  0  0  0  0  0  0  0  0  0
Ядро відношення:
4 5 6 7 8 9 10 12 14 15