 2  1  9  3  7  3  4  7 10  3  1  5
 2  1  4  3  7  3  4  7  9  3  1  5
10  1  9  3 10  3  8  7 10  4  4  9
10  4  9  8 10  8  8 10 10  8  4  9
10  6  9 10 10 10  8 10 10  8  4  9
 6  1  9  8  1  3  2  6  4  8  4  2
 2  1  6  2  1  3  2  6  2  2  1  2
 2  7  6  7  2  9  7  8  6  6  7  9
 2  8  6  7  2  9  8  8 10  6  9  9
 2  6  6  7  2  5  8  8  7  6  5  1
 2  1  5  2  1  3  2  6  2  2  1  1
 6  6  7  3  2  3  4  7  2  5  7  1
 6  6  9  4  7  8  4  7 10  9  9  5
 8 10  9  4  8  8 10  7 10  9 10  5
10 10  9 10 10  8 10 10 10  9 10  9
10 10  9 10 10  8 10 10 10  9 10  9
 6  6  2  3  2  3  4  7  1  5  7  1
 5  6  2  3  2  2  4  5  1  5  5  1
 2  6  2  3  2  2  4  1  1  5  1  1
 2  6  2  3  2  2  1  1  1  3  1  1